num_full_gc,num_inc_gc,heap_compactions,usage_trend,estimated_base,current_base,min,max
1,16,1,0,16263904,16263904,0,0
2,26,2,0,16141792,16141792,0,0
3,31,3,0,16021256,16021256,16021256,16021256
4,72,4,0,15713704,15713704,15713704,16021256
5,82,5,0,15541336,15541336,15541336,16021256
6,83,6,0,15153344,15153344,15153344,16021256
7,121,7,0,15738168,15738168,15153344,16021256
8,139,8,0,15773232,15773232,15153344,16021256
9,140,9,0,15324616,15324616,15153344,16021256
10,141,10,0,15312808,15206544,15153344,16021256
num_full_gc,num_inc_gc,heap_compactions,usage_trend,estimated_base,current_base,min,max
1,18,1,0,56761552,56761552,0,0
num_full_gc,num_inc_gc,heap_compactions,usage_trend,estimated_base,current_base,min,max
1,11,1,0,15961712,15961712,0,0
2,43,2,0,75048328,75048328,0,0
2,31,2,0,24485952,24485952,0,0
3,80,3,0,156430672,156430672,156430672,156430672
3,36,3,0,23653136,23653136,23653136,23653136
4,43,4,0,23163496,23163496,23163496,23653136
4,238,4,0,518348384,518348384,156430672,518348384
5,50,5,0,23656784,23656784,23163496,23656784
num_full_gc,num_inc_gc,heap_compactions,usage_trend,estimated_base,current_base,min,max
1,32,1,0,69412336,69412336,0,0
2,43,2,0,76292424,76292424,0,0
3,67,3,0,101532808,101532808,101532808,101532808
4,90,4,0,77881464,77881464,77881464,101532808
5,121,5,0,80660320,80660320,77881464,101532808
6,176,6,0,165149136,165149136,77881464,165149136
7,194,7,0,130930152,130930152,77881464,165149136
8,195,8,0,109450528,109450528,77881464,165149136
9,200,9,0,109870712,109870712,77881464,165149136
10,235,10,0,111228150,123445096,77881464,165149136
11,260,11,0.4,115687167,155818320,77881464,165149136
12,357,12,2.5,133035985,289175352,77881464,289175352
num_full_gc,num_inc_gc,heap_compactions,usage_trend,estimated_base,current_base,min,max
1,19,1,0,18600024,18600024,0,0
13,467,13,6.6,163809118,440767320,77881464,440767320
2,36,2,0,18779968,18779968,0,0
3,51,3,0,18786712,18786712,18786712,18786712
4,53,4,0,17316872,17316872,17316872,18786712
5,54,5,0,17192064,17192064,17192064,18786712
14,699,14,12.4,213027099,655988936,77881464,655988936
15,700,15,16.6,256959512,652351232,77881464,655988936
16,845,16,20,298298354,670347936,77881464,670347936
17,899,17,23.2,340134161,716656424,77881464,716656424
num_full_gc,num_inc_gc,heap_compactions,usage_trend,estimated_base,current_base,min,max
1,23,1,0,19589408,19589408,0,0
18,1009,18,27.2,393192122,870713776,77881464,870713776
19,1150,19,1140,30751491,1063753112,77881464,1063753112
20,1248,20,1035.4,147437154,1197608128,77881464,1197608128
21,1309,21,950.5,260881945,1281885064,77881464,1281885064
num_full_gc,num_inc_gc,heap_compactions,usage_trend,estimated_base,current_base,min,max
1,32,1,0,69817920,69817920,0,0
2,42,2,0,81540848,81540848,0,0
3,64,3,0,76811072,76811072,76811072,76811072
4,86,4,0,78712984,78712984,76811072,78712984
5,116,5,0,78253040,78253040,76811072,78712984
6,190,6,0,132496080,132496080,76811072,132496080
7,214,7,0,137535336,137535336,76811072,137535336
8,226,8,0,116741080,116741080,76811072,137535336
9,227,9,0,114207840,114207840,76811072,137535336
num_full_gc,num_inc_gc,heap_compactions,usage_trend,estimated_base,current_base,min,max
1,33,1,0,69484808,69484808,0,0
2,43,2,0,76830472,76830472,0,0
3,70,3,0,78552288,78552288,78552288,78552288
4,93,4,0,102104120,102104120,78552288,102104120
5,136,5,0,82958904,82958904,78552288,102104120
6,166,6,0,143162368,143162368,78552288,143162368
7,194,7,0,131988112,131988112,78552288,143162368
num_full_gc,num_inc_gc,heap_compactions,usage_trend,estimated_base,current_base,min,max
1,32,1,0,69641480,69641480,0,0
2,43,2,0,77174048,77174048,0,0
3,68,3,0,104184424,104184424,104184424,104184424
4,95,4,0,132137800,132137800,104184424,132137800
5,151,5,0,112283224,112283224,104184424,132137800
6,192,6,0,131969512,131969512,104184424,132137800
7,193,7,0,110742736,110742736,104184424,132137800
8,194,8,0,108509280,108509280,104184424,132137800
num_full_gc,num_inc_gc,heap_compactions,usage_trend,estimated_base,current_base,min,max
1,32,1,0,67784928,67784928,0,0
2,43,2,0,83270936,83270936,0,0
3,66,3,0,75842672,75842672,75842672,75842672
4,87,4,0,78082944,78082944,75842672,78082944
5,114,5,0,83849272,83849272,75842672,83849272
6,182,6,0,179298800,179298800,75842672,179298800
num_full_gc,num_inc_gc,heap_compactions,usage_trend,estimated_base,current_base,min,max
1,21,1,0,21935432,21935432,0,0
7,275,7,0,149883896,149883896,75842672,179298800
8,307,8,0,142122656,142122656,75842672,179298800
9,371,9,0,226680816,226680816,75842672,226680816
num_full_gc,num_inc_gc,heap_compactions,usage_trend,estimated_base,current_base,min,max
1,12,1,0,18710024,18710024,0,0
2,15,2,0,18523832,18523832,0,0
3,16,3,0,18279704,18279704,18279704,18279704
